0.2 0.225
0.4 0.225
0.6 0.28
0.8 0.329
1 0.288
1.2 0.252
1.4 0.26
1.6 0.282
1.8 0.266
2 0.29
2.2 0.311
2.4 0.342
2.6 0.327
2.8 0.332
3 0.321
3.2 0.282
3.4 0.277
3.6 0.253
3.8 0.27
4 0.287
4.2 0.283
4.4 0.302
4.6 0.276
4.8 0.259
5 0.255
5.2 0.261
5.4 0.262
5.6 0.287
5.8 0.355
6 0.476
6.2 0.514
6.4 0.523
6.6 0.538
6.8 0.496
7 0.461
7.2 0.414
7.4 0.376
7.6 0.358
7.8 0.416
8 0.454
8.2 0.441
8.4 0.42
8.6 0.439
8.8 0.408
9 0.438
9.2 0.448
9.4 0.472
9.6 0.444
9.8 0.4
10 0.435
10.2 0.41
10.4 0.416
10.6 0.453
10.8 0.426
11 0.418
11.2 0.41
11.4 0.385
11.6 0.352
11.8 0.352
12 0.365
12.2 0.35
12.4 0.345
12.6 0.358
12.8 0.345
13 0.346
13.2 0.341
13.4 0.366
13.6 0.364
13.8 0.37
14 0.364
14.2 0.376
14.4 0.373
14.6 0.384
14.8 0.352
15 0.36
15.2 0.387
15.4 0.391
15.6 0.38
15.8 0.39
16 0.379
16.2 0.384
16.4 0.397
16.6 0.373
16.8 0.383
17 0.383
17.2 0.385
17.4 0.387
17.6 0.392
17.8 0.403
18 0.389
18.2 0.391
18.4 0.384
18.6 0.388
18.8 0.415
19 0.43
19.2 0.458
19.4 0.478
19.6 0.428
19.8 0.362
20 0.355
20.2 0.348
20.4 0.36
20.6 0.359
20.8 0.366
21 0.37
21.2 0.38
21.4 0.369
21.6 0.348
21.8 0.347
22 0.364
22.2 0.362
22.4 0.364
22.6 0.376
22.8 0.38
23 0.401
23.2 0.387
23.4 0.416
23.6 0.405
23.8 0.416
24 0.401
24.2 0.42
24.4 0.434
24.6 0.422
24.8 0.354
25 0.374
25.2 0.38
25.4 0.375
25.6 0.4
25.8 0.423
26 0.47
26.2 0.546
26.4 0.539
26.6 0.538
26.8 0.538
27 0.524
27.2 0.595
27.4 0.575
27.6 0.631
27.8 0.672
28 0.734
28.2 0.666
28.4 0.712
28.6 0.772
28.8 0.812
29 0.935
29.2 0.927
29.4 0.915
29.6 0.972
29.8 0.86
30 1.024
30.2 1.061
30.4 1.066
30.6 1.093
30.8 1.074
31 1.133
31.2 1.127
31.4 1.158
31.6 1.04
31.8 1.107
32 1.131
32.2 1.138
32.4 1.134
32.6 1.134
32.8 1.121
33 1.182
33.2 1.083
33.4 1.089
33.6 1.144
33.8 1.235
34 1.298
34.2 1.309
34.4 1.418
34.6 1.473
34.8 1.426
35 1.44
35.2 1.586
35.4 1.61
35.6 1.602
35.8 1.605
36 1.649
36.2 1.636
36.4 1.651
36.6 1.53
36.8 1.593
37 1.652
37.2 1.673
37.4 1.695
37.6 1.644
37.8 1.626
38 1.623
38.2 1.446
38.4 1.446
38.6 1.514
38.8 1.569
39 1.689
39.2 1.766
39.4 1.872
39.6 1.918
39.8 1.783
40 1.823
40.2 1.874
40.4 1.884
40.6 1.872
40.8 1.904
41 1.928
41.2 1.951
41.4 1.916
41.6 1.796
41.8 1.891
42 1.882
42.2 1.907
42.4 1.899
42.6 1.915
42.8 1.924
43 1.917
43.2 1.714
43.4 1.769
43.6 1.774
43.8 1.841
44 1.887
44.2 1.926
44.4 1.987
44.6 2.005
44.8 1.904
45 1.934
45.2 1.991
45.4 1.993
45.6 2.051
45.8 2.099
46 2.138
46.2 2.107
46.4 2.083
46.6 1.949
46.8 1.984
47 2.039
47.2 2.082
47.4 2.101
47.6 2.124
47.8 2.15
48 2.155
48.2 1.866
48.4 1.959
48.6 2.022
48.8 2.013
49 2.049
49.2 2.081
49.4 2.118
49.6 2.133
49.8 1.854
50 1.921
50.2 1.935
50.4 1.969
50.6 2.015
50.8 2.032
51 2.094
51.2 2.1
51.4 2.099
51.6 1.894
51.8 1.945
52 1.964
52.2 2.023
52.4 2.063
52.6 2.089
52.8 2.089
53 2.08
53.2 1.808
53.4 1.814
53.6 1.849
53.8 1.917
54 1.928
54.2 1.908
54.4 1.958
54.6 1.984
54.8 1.736
55 1.79
55.2 1.808
55.4 1.816
55.6 1.906
55.8 1.942
56 1.94
56.2 1.963
56.4 1.983
56.6 1.826
56.8 1.903
57 1.915
57.2 1.931
57.4 2.001
57.6 2.007
57.8 2.047
58 2.065
58.2 1.812
58.4 1.883
58.6 1.927
58.8 1.837
59 1.89
59.2 1.912
59.4 1.926
59.6 1.973
59.8 1.968
60 1.979
60.2 1.956
60.4 1.967
60.6 1.853
60.8 1.883
61 1.916
61.2 1.949
61.4 2.023
61.6 2.009
61.8 2.011
62 2.025
62.2 1.842
62.4 1.915
62.6 1.945
62.8 1.959
63 1.984
63.2 1.988
63.4 2.004
63.6 2.02
63.8 1.813
64 1.869
64.2 1.894
64.4 1.913
64.6 1.958
64.8 2.002
65 2.015
65.2 1.995
65.4 2.038
65.6 1.914
65.8 1.968
66 1.952
66.2 1.949
66.4 2
66.6 1.972
66.8 1.984
67 2.002
67.2 1.783
67.4 1.818
67.6 1.805
67.8 1.878
68 1.914
68.2 1.882
68.4 1.918
68.6 1.921
68.8 1.951
69 1.979
69.2 1.791
69.4 1.853
69.6 1.866
69.8 1.929
70 1.941
70.2 1.981
70.4 1.966
70.6 1.975
70.8 1.993
71 1.781
71.2 1.843
71.4 1.865
71.6 1.891
71.8 1.907
72 1.895
72.2 1.927
72.4 1.927
72.6 1.812
72.8 1.82
73 1.858
73.2 1.857
73.4 1.89
73.6 1.886
73.8 1.874
74 1.88
74.2 1.713
74.4 1.779
74.6 1.86
74.8 1.863
75 1.918
75.2 1.945
75.4 1.952
75.6 1.961
75.8 1.977
76 1.806
76.2 1.853
76.4 1.877
76.6 1.9
76.8 1.942
77 1.956
77.2 1.977
77.4 1.992
77.6 1.79
77.8 1.818
78 1.857
78.2 1.88
78.4 1.955
78.6 1.968
78.8 2.001
79 2.006
79.2 1.786
79.4 1.814
79.6 1.792
79.8 1.842
80 1.884
80.2 1.871
80.4 1.866
80.6 1.895
80.8 1.901
81 1.74
81.2 1.762
81.4 1.766
81.6 1.808
81.8 1.819
82 1.867
82.2 1.865
82.4 1.883
82.6 1.729
82.8 1.814
83 1.837
83.2 1.87
83.4 1.878
83.6 1.874
83.8 1.88
84 1.878
84.2 1.665
84.4 1.703
84.6 1.78
84.8 1.834
85 1.853
85.2 1.905
85.4 1.929
85.6 1.967
85.8 1.924
86 1.773
86.2 1.815
86.4 1.827
86.6 1.835
86.8 1.852
87 1.864
87.2 1.863
87.4 1.856
87.6 1.711
87.8 1.795
88 1.815
88.2 1.84
88.4 1.848
88.6 1.901
88.8 1.895
89 1.886
89.2 1.637
89.4 1.666
89.6 1.717
89.8 1.774
90 1.792
90.2 1.81
90.4 1.835
90.6 1.833
90.8 1.844
91 1.742
91.2 1.823
91.4 1.846
91.6 1.857
91.8 1.914
92 1.939
92.2 1.897
92.4 1.927
92.6 1.723
92.8 1.822
93 1.838
93.2 1.847
93.4 1.891
93.6 1.924
93.8 1.949
94 1.969
94.2 1.694
94.4 1.752
94.6 1.82
94.8 1.888
95 1.892
95.2 1.896
95.4 1.893
95.6 1.92
95.8 1.91
96 1.731
96.2 1.769
96.4 1.791
96.6 1.839
96.8 1.881
97 1.934
97.2 1.888
97.4 1.889
97.6 1.689
97.8 1.627
98 1.649
98.2 1.603
98.4 1.64
98.6 1.627
98.8 1.663
99 1.577
99.2 1.442
99.4 1.482
99.6 1.484
99.8 1.455
100 1.458
100.2 1.436
100.4 1.389
100.6 1.397
100.8 1.389
101 1.374
101.2 1.503
101.4 1.462
101.6 1.508
101.8 1.613
102 1.604
102.2 1.659
102.4 1.715
102.6 1.667
102.8 1.764
103 1.761
103.2 1.689
103.4 1.653
103.6 1.814
103.8 1.85
104 1.91
104.2 1.861
104.4 1.844
104.6 1.951
104.8 2.019
105 2.005
105.2 2.023
105.4 2.104
105.6 2.003
105.8 2.015
106 1.928
106.2 2.056
106.4 2.042
106.6 2.091
106.8 2.131
107 2.068
107.2 1.881
107.4 1.775
107.6 1.718
107.8 1.75
108 1.852
108.2 2.04
108.4 2.248
108.6 2.224
108.8 2.053
109 1.831
109.2 1.665
109.4 1.625
109.6 1.602
109.8 1.519
110 1.54
110.2 1.477
110.4 1.482
110.6 1.486
110.8 1.356
111 1.408
111.2 1.571
111.4 1.689
111.6 1.78
111.8 1.67
112 1.724
112.2 1.686
112.4 1.635
112.6 1.425
112.8 1.323
113 1.193
113.2 1.075
113.4 1.078
113.6 1.111
113.8 0.989
114 1.019
114.2 1.014
114.4 1.114
114.6 1.129
114.8 1.188
115 1.316
115.2 1.368
115.4 1.409
115.6 1.336
115.8 1.231
116 1.06
116.2 0.932
116.4 0.817
116.6 0.664
116.8 0.571
117 0.567
117.2 0.562
117.4 0.585
117.6 0.549
117.8 0.545
118 0.575
118.2 0.613
118.4 0.605
118.6 0.635
118.8 0.59
119 0.57
119.2 0.511
119.4 0.48
119.6 0.485
119.8 0.449
120 0.454
120.2 0.501
120.4 0.601
120.6 0.618
120.8 0.636
121 0.615
121.2 0.66
121.4 0.561
121.6 0.558
121.8 0.516
122 0.498
122.2 0.48
122.4 0.536
122.6 0.401
122.8 0.393
123 0.355
123.2 0.338
123.4 0.313
123.6 0.328
123.8 0.306
124 0.34
124.2 0.395
124.4 0.393
124.6 0.407
124.8 0.565
125 0.526
125.2 0.481
125.4 0.484
125.6 0.469
125.8 0.584
126 0.545
126.2 0.628
126.4 0.691
126.6 0.743
126.8 0.801
127 1.027
127.2 1.306
127.4 1.358
127.6 1.099
127.8 0.91
128 0.876
128.2 0.851
128.4 0.8
128.6 0.709
128.8 0.566
129 0.502
129.2 0.474
129.4 0.373
129.6 0.263
129.8 0.183
130 0.156
130.2 0.132
130.4 0.128
130.6 0.127
130.8 0.124
131 0.119
131.2 0.126
131.4 0.13
131.6 0.131
131.8 0.132
132 0.137
132.2 0.142
132.4 0.134
132.6 0.135
132.8 0.132
133 0.134
133.2 0.138
133.4 0.143
133.6 0.237
133.8 0.402
134 0.531
134.2 0.651
134.4 0.686
134.6 0.781
134.8 0.809
135 0.875
135.2 1.008
135.4 1.109
135.6 1.081
135.8 0.958
136 0.753
136.2 0.741
136.4 0.575
136.6 0.373
136.8 0.362
137 0.284
137.2 0.212
137.4 0.152
137.6 0.137
137.8 0.13
138 0.136
138.2 0.141
138.4 0.142
138.6 0.151
138.8 0.143
139 0.146
139.2 0.137
139.4 0.136
139.6 0.139
139.8 0.135
140 0.147
140.2 0.174
140.4 0.24
140.6 0.3
140.8 0.371
141 0.455
141.2 0.548
141.4 0.647
141.6 0.768
141.8 0.945
142 1.123
142.2 1.241
142.4 1.414
142.6 1.521
142.8 1.548
143 1.303
143.2 1.099
143.4 0.899
143.6 0.648
143.8 0.515
144 0.571
144.2 0.538
144.4 0.455
144.6 0.374
144.8 0.318
145 0.269
145.2 0.261
145.4 0.228
145.6 0.196
145.8 0.182
146 0.172
146.2 0.181
146.4 0.161
146.6 0.157
146.8 0.146
147 0.147
147.2 0.145
147.4 0.144
147.6 0.148
147.8 0.146
148 0.143
148.2 0.149
148.4 0.152
148.6 0.156
148.8 0.15
149 0.157
149.2 0.144
149.4 0.148
149.6 0.14
149.8 0.145
150 0.143
150.2 0.143
150.4 0.144
150.6 0.144
150.8 0.149
151 0.143
151.2 0.149
151.4 0.218
151.6 0.386
151.8 0.475
152 0.541
152.2 0.54
152.4 0.479
152.6 0.434
152.8 0.421
153 0.413
153.2 0.335
153.4 0.349
153.6 0.333
153.8 0.329
154 0.294
154.2 0.28
154.4 0.284
154.6 0.276
154.8 0.248
155 0.225
155.2 0.204
155.4 0.213
155.6 0.202
155.8 0.188
156 0.186
156.2 0.165
156.4 0.161
156.6 0.157
156.8 0.176
157 0.202
157.2 0.197
157.4 0.199
157.6 0.177
157.8 0.181
158 0.169
158.2 0.174
158.4 0.172
158.6 0.152
158.8 0.163
159 0.159
159.2 0.17
159.4 0.289
159.6 0.323
159.8 0.281
160 0.233
160.2 0.221
160.4 0.201
160.6 0.176
160.8 0.171
161 0.12
161.2 0.131
161.4 0.131
161.6 0.139
161.8 0.142
162 0.146
162.2 0.147
162.4 0.178
162.6 0.291
162.8 0.269
163 0.259
163.2 0.261
163.4 0.261
163.6 0.238
163.8 0.188
164 0.185
164.2 0.163
164.4 0.152
164.6 0.135
164.8 0.135
165 0.14
165.2 0.162
165.4 0.223
165.6 0.208
165.8 0.195
166 0.176
166.2 0.187
166.4 0.186
166.6 0.174
166.8 0.17
167 0.159
167.2 0.15
167.4 0.168
167.6 0.241
167.8 0.317
168 0.334
168.2 0.333
168.4 0.346
168.6 0.324
168.8 0.297
169 0.29
169.2 0.25
169.4 0.246
169.6 0.222
169.8 0.175
170 0.162
170.2 0.15
170.4 0.147
170.6 0.143
170.8 0.144
171 0.143
171.2 0.139
171.4 0.14
171.6 0.144
171.8 0.144
172 0.145
172.2 0.148
172.4 0.147
172.6 0.149
172.8 0.152
173 0.154
173.2 0.156
173.4 0.155
173.6 0.155
173.8 0.152
174 0.151
174.2 0.139
174.4 0.141
174.6 0.14
174.8 0.142
175 0.139
175.2 0.149
175.4 0.28
175.6 0.3
175.8 0.319
176 0.346
176.2 0.406
176.4 0.485
176.6 0.521
176.8 0.555
177 0.516
177.2 0.471
177.4 0.425
177.6 0.383
177.8 0.349
178 0.376
178.2 0.357
178.4 0.366
178.6 0.368
178.8 0.31
179 0.286
179.2 0.243
179.4 0.236
179.6 0.232
179.8 0.224
180 0.211
180.2 0.191
180.4 0.205
180.6 0.202
180.8 0.189
181 0.203
181.2 0.187
181.4 0.183
181.6 0.19
181.8 0.206
182 0.228
182.2 0.293
182.4 0.355
182.6 0.361
182.8 0.367
183 0.319
183.2 0.324
183.4 0.376
183.6 0.375
183.8 0.402
184 0.392
184.2 0.359
184.4 0.364
184.6 0.378
184.8 0.369
185 0.364
185.2 0.358
185.4 0.344
185.6 0.365
185.8 0.363
186 0.316
186.2 0.324
186.4 0.339
186.6 0.329
186.8 0.298
187 0.3
187.2 0.308
187.4 0.31
187.6 0.273
187.8 0.26
188 0.283
188.2 0.288
188.4 0.29
188.6 0.296
188.8 0.302
189 0.307
189.2 0.292
189.4 0.314
189.6 0.311
189.8 0.308
190 0.295
190.2 0.312
190.4 0.332
190.6 0.334
190.8 0.321
191 0.3
191.2 0.303
191.4 0.292
191.6 0.302
191.8 0.3
192 0.334
192.2 0.389
192.4 0.399
192.6 0.385
192.8 0.374
193 0.359
193.2 0.373
193.4 0.358
193.6 0.369
193.8 0.372
194 0.364
194.2 0.338
194.4 0.348
194.6 0.331
194.8 0.343
195 0.345
195.2 0.345
195.4 0.345
195.6 0.367
195.8 0.36
196 0.303
196.2 0.341
196.4 0.373
196.6 0.401
196.8 0.465
197 0.509
197.2 0.548
197.4 0.595
197.6 0.594
197.8 0.661
198 0.729
198.2 0.788
198.4 0.859
198.6 0.902
198.8 0.957
199 1.01
199.2 1.054
199.4 1.125
199.6 1.16
199.8 1.25
200 1.206
200.2 1.183
200.4 1.15
200.6 1.167
200.8 1.158
201 1.163
201.2 1.138
201.4 1.213
201.6 1.238
201.8 1.326
202 1.462
202.2 1.541
202.4 1.562
202.6 1.636
202.8 1.774
203 1.962
203.2 2.057
203.4 2.119
203.6 2.165
203.8 2.192
204 2.219
204.2 2.036
204.4 2.03
204.6 2.003
204.8 1.894
205 1.85
205.2 1.804
205.4 1.837
205.6 1.831
205.8 1.825
206 1.676
206.2 1.682
206.4 1.627
206.6 1.666
206.8 1.748
207 1.809
207.2 1.844
207.4 1.879
207.6 1.861
207.8 1.939
208 1.989
208.2 1.949
208.4 2.022
208.6 1.955
208.8 1.898
209 1.847
209.2 1.593
209.4 1.577
209.6 1.586
209.8 1.571
210 1.577
210.2 1.573
210.4 1.596
210.6 1.582
210.8 1.582
211 1.476
211.2 1.47
211.4 1.474
211.6 1.495
211.8 1.52
212 1.554
212.2 1.549
212.4 1.516
212.6 1.449
212.8 1.458
213 1.468
213.2 1.481
213.4 1.473
213.6 1.508
213.8 1.517
214 1.536
214.2 1.371
214.4 1.398
214.6 1.499
214.8 1.515
215 1.549
215.2 1.564
215.4 1.611
215.6 1.646
215.8 1.632
216 1.58
216.2 1.608
216.4 1.637
216.6 1.648
216.8 1.653
217 1.687
217.2 1.706
217.4 1.727
217.6 1.566
217.8 1.566
218 1.592
218.2 1.593
218.4 1.634
218.6 1.637
218.8 1.662
219 1.699
219.2 1.544
219.4 1.575
219.6 1.584
219.8 1.579
220 1.597
220.2 1.6
220.4 1.623
220.6 1.63
220.8 1.641
221 1.577
221.2 1.587
221.4 1.617
221.6 1.646
221.8 1.622
222 1.634
222.2 1.648
222.4 1.651
222.6 1.565
222.8 1.582
223 1.635
223.2 1.672
223.4 1.69
223.6 1.7
223.8 1.725
224 1.712
224.2 1.604
224.4 1.663
224.6 1.678
224.8 1.689
225 1.691
225.2 1.71
225.4 1.743
225.6 1.744
225.8 1.755
226 1.677
226.2 1.683
226.4 1.694
226.6 1.714
226.8 1.694
227 1.72
227.2 1.7
227.4 1.707
227.6 1.564
227.8 1.615
228 1.644
228.2 1.627
228.4 1.658
228.6 1.663
228.8 1.672
229 1.683
229.2 1.573
229.4 1.59
229.6 1.603
229.8 1.642
230 1.636
230.2 1.623
230.4 1.625
230.6 1.643
230.8 1.635
231 1.528
231.2 1.551
231.4 1.573
231.6 1.604
231.8 1.618
232 1.652
232.2 1.659
232.4 1.682
232.6 1.535
232.8 1.575
233 1.606
233.2 1.609
233.4 1.639
233.6 1.651
233.8 1.635
234 1.668
234.2 1.557
234.4 1.593
234.6 1.608
234.8 1.615
235 1.656
235.2 1.666
235.4 1.69
235.6 1.667
235.8 1.691
236 1.576
236.2 1.572
236.4 1.615
236.6 1.639
236.8 1.668
237 1.666
237.2 1.666
237.4 1.676
237.6 1.527
237.8 1.556
238 1.591
238.2 1.569
238.4 1.608
238.6 1.608
238.8 1.637
239 1.641
239.2 1.642
239.4 1.65
239.6 1.654
239.8 1.59
240 1.625
240.2 1.663
240.4 1.685
240.6 1.703
240.8 1.703
241 1.723
241.2 1.741
241.4 1.737
241.6 1.597
241.8 1.628
242 1.657
242.2 1.665
242.4 1.679
242.6 1.705
242.8 1.696
243 1.676
243.2 1.6
243.4 1.635
243.6 1.613
243.8 1.637
244 1.664
244.2 1.678
244.4 1.692
244.6 1.712
244.8 1.613
245 1.641
245.2 1.652
245.4 1.677
245.6 1.668
245.8 1.695
246 1.722
246.2 1.711
246.4 1.7
246.6 1.627
246.8 1.654
247 1.668
247.2 1.649
247.4 1.64
247.6 1.646
247.8 1.648
248 1.639
248.2 1.58
248.4 1.589
248.6 1.624
248.8 1.645
249 1.646
249.2 1.648
249.4 1.685
249.6 1.686
249.8 1.598
250 1.625
250.2 1.604
250.4 1.64
250.6 1.653
250.8 1.662
251 1.677
251.2 1.685
251.4 1.702
251.6 1.604
251.8 1.645
252 1.666
252.2 1.713
252.4 1.739
252.6 1.734
252.8 1.729
253 1.747
253.2 1.611
253.4 1.631
253.6 1.639
253.8 1.676
254 1.701
254.2 1.625
254.4 1.63
254.6 1.545
254.8 1.384
255 1.417
255.2 1.456
255.4 1.453
255.6 1.475
255.8 1.514
256 1.526
256.2 1.533
256.4 1.518
256.6 1.446
256.8 1.465
257 1.493
257.2 1.52
257.4 1.535
257.6 1.57
257.8 1.571
258 1.561
258.2 1.46
258.4 1.503
258.6 1.535
258.8 1.533
259 1.57
259.2 1.608
259.4 1.61
259.6 1.603
259.8 1.408
260 1.452
260.2 1.484
260.4 1.484
260.6 1.501
260.8 1.54
261 1.51
261.2 1.535
261.4 1.564
261.6 1.461
261.8 1.471
262 1.494
262.2 1.538
262.4 1.516
262.6 1.532
262.8 1.542
263 1.536
263.2 1.425
263.4 1.422
263.6 1.45
263.8 1.482
264 1.487
264.2 1.522
264.4 1.525
264.6 1.524
264.8 1.413
265 1.421
265.2 1.438
265.4 1.436
265.6 1.465
265.8 1.493
266 1.532
266.2 1.544
266.4 1.549
266.6 1.396
266.8 1.428
267 1.466
267.2 1.481
267.4 1.502
267.6 1.497
267.8 1.514
268 1.527
268.2 1.375
268.4 1.401
268.6 1.451
268.8 1.465
269 1.471
269.2 1.498
269.4 1.491
269.6 1.5
269.8 1.406
270 1.437
270.2 1.469
270.4 1.458
270.6 1.516
270.8 1.538
271 1.547
271.2 1.547
271.4 1.566
271.6 1.437
271.8 1.465
272 1.472
272.2 1.507
272.4 1.508
272.6 1.535
272.8 1.542
273 1.549
273.2 1.403
273.4 1.416
273.6 1.452
273.8 1.481
274 1.457
274.2 1.483
274.4 1.515
274.6 1.52
274.8 1.383
275 1.418
275.2 1.436
275.4 1.448
275.6 1.406
275.8 1.371
276 1.374
276.2 1.379
276.4 1.383
276.6 1.241
276.8 1.288
277 1.293
277.2 1.339
277.4 1.343
277.6 1.376
277.8 1.361
278 1.36
278.2 1.252
278.4 1.262
278.6 1.271
278.8 1.312
279 1.33
279.2 1.335
279.4 1.331
279.6 1.322
279.8 1.211
280 1.271
280.2 1.259
280.4 1.204
280.6 1.168
280.8 1.19
281 1.191
281.2 1.17
281.4 1.166
281.6 1.117
281.8 1.148
282 1.148
282.2 1.124
282.4 1.129
282.6 1.136
282.8 1.236
283 1.337
283.2 1.398
283.4 1.494
283.6 1.458
283.8 1.461
284 1.471
284.2 1.324
284.4 1.478
284.6 1.441
284.8 1.394
285 1.412
285.2 1.452
285.4 1.415
285.6 1.452
285.8 1.338
286 1.344
286.2 1.355
286.4 1.312
286.6 1.292
286.8 1.229
287 1.186
287.2 1.101
287.4 1.086
287.6 1.173
287.8 1.275
288 1.329
288.2 1.167
288.4 1.081
288.6 1.103
288.8 1.144
289 1.211
289.2 1.291
289.4 1.283
289.6 1.224
289.8 1.09
290 1.163
290.2 1.148
290.4 1.158
290.6 1.125
290.8 1.105
291 1.094
291.2 1.065
291.4 1.04
291.6 0.997
291.8 1.018
292 1.096
292.2 1.06
292.4 0.995
292.6 0.97
292.8 0.978
293 0.921
293.2 0.808
293.4 0.816
293.6 0.785
293.8 0.715
294 0.652
294.2 0.695
294.4 0.759
294.6 0.893
294.8 0.965
295 0.966
295.2 1.004
295.4 0.911
295.6 0.873
295.8 0.907
296 0.924
296.2 0.942
296.4 0.973
296.6 1.011
296.8 0.942
297 0.882
297.2 0.837
297.4 0.79
297.6 0.797
297.8 0.88
298 0.961
298.2 1.042
298.4 0.982
298.6 1.201
298.8 1.211
299 1.026
299.2 1.023
299.4 0.803
299.6 0.808
299.8 0.695
300 0.79
300.2 0.869
300.4 0.974
300.6 1.016
300.8 1.072
301 1.125
301.2 1.254
301.4 1.296
301.6 1.407
301.8 1.537
302 1.596
302.2 1.666
302.4 1.711
302.6 1.842
302.8 1.905
303 2.012
303.2 1.958
303.4 1.904
303.6 1.787
303.8 1.768
304 1.687
304.2 1.585
304.4 1.542
304.6 1.459
304.8 1.195
305 1.18
305.2 1.171
305.4 1.096
305.6 1.1
305.8 1.089
306 1.039
306.2 1.084
306.4 1.23
306.6 1.263
306.8 1.373
307 1.507
307.2 1.443
307.4 1.433
307.6 1.34
307.8 1.247
308 1.163
308.2 0.969
308.4 0.815
308.6 0.748
308.8 0.743
309 0.768
309.2 0.986
309.4 1.284
309.6 1.256
309.8 0.993
310 0.969
310.2 1.052
310.4 1.054
310.6 1.123
310.8 0.9
311 0.927
311.2 0.864
311.4 0.856
311.6 0.741
311.8 0.74
312 0.675
312.2 0.66
312.4 0.626
312.6 0.623
312.8 0.624
313 0.653
313.2 0.674
313.4 0.75
313.6 0.904
313.8 0.833
314 0.783
314.2 0.805
314.4 0.887
314.6 1.037
314.8 1.189
315 1.265
315.2 1.089
315.4 0.958
315.6 0.776
315.8 0.716
316 0.599
316.2 0.503
316.4 0.518
316.6 0.463
316.8 0.419
317 0.337
317.2 0.307
317.4 0.254
317.6 0.256
317.8 0.211
318 0.214
318.2 0.176
318.4 0.165
318.6 0.16
318.8 0.148
319 0.134
319.2 0.138
319.4 0.138
319.6 0.136
319.8 0.143
320 0.139
320.2 0.137
320.4 0.14
320.6 0.141
320.8 0.14
321 0.143
321.2 0.142
321.4 0.141
321.6 0.15
321.8 0.152
322 0.149
322.2 0.143
322.4 0.151
322.6 0.154
322.8 0.152
323 0.151
323.2 0.152
323.4 0.153
323.6 0.146
323.8 0.153
324 0.147
324.2 0.148
324.4 0.15
324.6 0.143
324.8 0.148
325 0.147
325.2 0.142
325.4 0.147
325.6 0.148
325.8 0.146
326 0.139
326.2 0.14
326.4 0.141
326.6 0.144
326.8 0.152
327 0.156
327.2 0.159
327.4 0.136
327.6 0.135
327.8 0.136
328 0.149
328.2 0.264
328.4 0.236
328.6 0.257
328.8 0.347
329 0.387
329.2 0.392
329.4 0.337
329.6 0.284
329.8 0.279
330 0.282
330.2 0.242
330.4 0.199
330.6 0.179
330.8 0.149
331 0.152
331.2 0.144
331.4 0.194
331.6 0.268
331.8 0.328
332 0.358
332.2 0.38
332.4 0.34
332.6 0.316
332.8 0.279
333 0.285
333.2 0.246
333.4 0.233
333.6 0.197
333.8 0.171
334 0.163
334.2 0.143
334.4 0.151
334.6 0.141
334.8 0.149
335 0.21
335.2 0.202
335.4 0.198
335.6 0.178
335.8 0.167
336 0.152
336.2 0.164
336.4 0.15
336.6 0.175
336.8 0.261
337 0.348
337.2 0.475
337.4 0.635
337.6 0.7
337.8 0.799
338 0.814
338.2 0.831
338.4 0.874
338.6 0.82
338.8 0.742
339 0.557
339.2 0.378
339.4 0.328
339.6 0.337
339.8 0.265
340 0.216
340.2 0.197
340.4 0.172
340.6 0.149
340.8 0.149
341 0.141
341.2 0.14
341.4 0.142
341.6 0.137
341.8 0.138
342 0.139
342.2 0.141
342.4 0.149
342.6 0.15
342.8 0.142
343 0.145
343.2 0.153
343.4 0.155
343.6 0.151
343.8 0.146
344 0.145
344.2 0.148
344.4 0.153
344.6 0.151
344.8 0.15
345 0.148
345.2 0.145
345.4 0.145
345.6 0.15
345.8 0.139
346 0.145
346.2 0.143
346.4 0.14
346.6 0.15
346.8 0.15
347 0.15
347.2 0.147
347.4 0.146
347.6 0.149
347.8 0.147
348 0.147
348.2 0.148
348.4 0.142
348.6 0.143
348.8 0.143
349 0.142
349.2 0.144
349.4 0.142
349.6 0.142
349.8 0.141
350 0.145
350.2 0.142
350.4 0.144
350.6 0.138
350.8 0.184
351 0.266
351.2 0.303
351.4 0.34
351.6 0.33
351.8 0.281
352 0.293
352.2 0.28
352.4 0.293
352.6 0.283
352.8 0.301
353 0.392
353.2 0.45
353.4 0.529
353.6 0.472
353.8 0.533
354 0.493
354.2 0.531
354.4 0.537
354.6 0.515
354.8 0.493
355 0.518
355.2 0.419
355.4 0.379
355.6 0.385
355.8 0.412
356 0.446
356.2 0.434
356.4 0.378
356.6 0.356
356.8 0.351
357 0.348
357.2 0.401
357.4 0.502
357.6 0.568
357.8 0.557
358 0.55
358.2 0.456
358.4 0.514
358.6 0.469
358.8 0.42
359 0.423
359.2 0.452
359.4 0.499
359.6 0.527
359.8 0.557
360 0.566
360.2 0.542
360.4 0.517
360.6 0.482
360.8 0.484
361 0.479
361.2 0.504
361.4 0.633
361.6 0.685
361.8 0.734
362 0.707
362.2 0.721
362.4 0.739
362.6 0.768
362.8 0.835
363 0.839
363.2 0.844
363.4 0.88
363.6 0.922
363.8 0.956
364 0.97
364.2 0.992
364.4 1.005
364.6 0.975
364.8 0.845
365 0.86
365.2 0.823
365.4 0.822
365.6 0.851
365.8 0.923
366 0.964
366.2 0.998
366.4 1.065
366.6 1.132
366.8 1.178
367 1.176
367.2 1.246
367.4 1.28
367.6 1.277
367.8 1.287
368 1.293
368.2 1.225
368.4 1.217
368.6 1.216
368.8 1.215
369 1.295
369.2 1.3
369.4 1.362
369.6 1.41
369.8 1.383
370 1.538
370.2 1.588
370.4 1.572
370.6 1.656
370.8 1.624
371 1.669
371.2 1.671
371.4 1.643
371.6 1.527
371.8 1.5
372 1.509
372.2 1.49
372.4 1.48
372.6 1.516
372.8 1.504
373 1.505
373.2 1.359
373.4 1.41
373.6 1.406
373.8 1.422
374 1.467
374.2 1.443
374.4 1.458
374.6 1.415
374.8 1.276
375 1.31
375.2 1.351
375.4 1.382
375.6 1.416
375.8 1.454
376 1.449
376.2 1.459
376.4 1.473
376.6 1.367
376.8 1.423
377 1.429
377.2 1.466
377.4 1.502
377.6 1.53
377.8 1.534
378 1.557
378.2 1.423
378.4 1.49
378.6 1.469
378.8 1.492
379 1.502
379.2 1.516
379.4 1.548
379.6 1.521
379.8 1.359
380 1.413
380.2 1.419
380.4 1.419
380.6 1.431
380.8 1.429
381 1.422
381.2 1.43
381.4 1.417
381.6 1.368
381.8 1.384
382 1.399
382.2 1.414
382.4 1.414
382.6 1.426
